3 3 3 3 3 3 3 3 3 3 3 3 3 15 0 L 0 13 3 3 3 3 3 3 3 3 3 3 3 3 3 3
3 3 3 3 3 3 3 3 3 3 3 3 3 15 0 L 0 13 3 3 3 3 3 3 3 3 3 3 3 3 3 3
3 3 3 3 3 3 3 3 3 3 3 3 3 15 0 L 0 13 3 3 3 3 3 3 3 3 3 3 3 3 3 3
3 3 3 3 3 3 3 3 3 3 3 3 3 15 0 L 0 13 3 3 3 3 3 3 3 3 3 3 3 3 3 3
3 3 3 3 3 3 3 3 3 3 3 3 3 15 0 L 0 13 3 3 3 3 3 3 3 3 3 3 3 3 3 3
23 23 23 23 23 23 23 23 23 23 23 23 23 24 0 L 0 22 23 23 23 23 23 23 23 23 23 23 23 23 23 23
0 0 0 0 0 0 0 0 0 0 0 0 0 0 0 L 0 0 0 0 0 0 0 0 0 0 0 0 0 0 0 0
0 0 0 0 0 0 0 0 0 0 0 0 0 0 0 L 0 0 0 0 0 0 0 0 0 0 0 0 0 0 0 0
5 5 5 5 5 5 5 5 5 5 6 25 L 25 25 25 25 4 5 5 5 5 5 5 5 5 5 5 5 5 5 5
3 3 3 3 3 3 3 3 3 3 15 0 L 0 0 0 0 13 3 3 3 3 3 3 3 3 3 3 3 3 3 3
3 3 3 3 3 3 3 3 3 3 15 0 L 0 0 L 0 13 3 3 3 3 3 3 3 3 3 3 3 3 3 3
3 3 3 3 3 3 3 3 3 3 16 5 5 6 25 L 0 13 3 3 3 3 3 3 3 3 3 3 3 3 3 3
3 3 3 3 3 3 3 3 3 3 3 3 3 15 0 L 0 13 3 3 3 3 3 3 3 3 3 3 3 3 3 3
3 3 3 3 3 3 3 3 3 3 3 3 3 15 0 L 0 13 3 3 3 3 3 3 3 3 3 3 3 3 3 3
3 3 3 3 3 3 3 3 3 3 3 3 3 15 0 L 0 13 3 3 3 3 3 3 3 3 3 3 3 3 3 3
3 3 3 3 3 3 3 3 3 3 3 3 3 15 0 L 0 13 3 3 3 3 3 3 3 3 3 3 3 3 3 3