3 3 3 3 3 3 3 3 3 3 3 3 3 15 0 L 0 13 3 3 3 3 3 3 3 3 3 3 3 3 3 3
3 3 3 3 3 3 3 3 3 3 3 3 3 15 0 L 0 13 3 3 3 3 3 3 3 3 3 3 3 3 3 3
3 3 3 3 3 3 3 3 3 3 3 3 3 15 0 L 0 13 3 3 3 3 3 3 3 3 3 3 3 3 3 3
3 3 3 3 3 3 3 3 3 3 3 3 3 15 0 L 0 13 3 3 3 3 3 3 3 3 3 3 3 3 3 3
3 3 3 3 3 3 3 3 3 3 3 3 3 15 0 L 0 13 3 3 3 3 3 3 3 3 3 3 3 3 3 3
3 3 3 3 3 3 3 3 3 3 3 3 3 15 0 L 0 13 3 3 3 3 3 3 3 3 3 3 3 3 3 3
3 3 3 3 3 3 3 3 3 3 3 3 3 15 0 L 0 13 3 3 3 3 3 3 3 3 3 3 3 3 3 3
3 3 3 3 3 3 3 3 3 3 3 3 3 15 0 L 0 13 3 3 3 3 3 3 3 3 3 3 3 3 3 3
23 23 23 23 23 23 23 23 23 23 23 23 23 24 0 L 0 22 23 23 23 23 23 23 23 23 23 23 8 3 3 3
0 0 0 0 0 0 0 0 0 0 0 0 0 0 0 L 0 0 0 0 0 0 0 0 0 0 0 0 13 3 3 3
0 0 0 0 0 0 0 0 0 0 0 0 0 0 0 L 0 0 0 0 0 0 0 0 0 0 0 0 13 3 3 3
0 99 0 0 0 0 0 0 0 0 0 0 0 0 0 L 0 0 0 0 0 0 0 0 0 0 0 0 22 23 23 23
5 5 5 6 0 0 0 0 0 0 0 0 0 0 0 L 0 0 0 0 0 0 0 0 0 0 0 0 0 0 0 0
3 3 3 15 0 0 25 0 0 0 0 99 0 0 0 L 0 0 99 0 0 0 0 0 0 0 0 0 0 0 99 0
3 3 3 15 0 0 25 0 0 25 5 5 5 5 5 5 5 5 5 5 25 0 0 0 25 0 0 0 4 5 5 5
3 3 3 15 9 9 25 9 9 25 3 3 3 3 3 3 3 3 3 3 25 9 9 9 25 9 9 9 13 3 3 3