7 23 23 23 23 23 23 23 23 23 23 23 23 23 23 23 23 23 23 23 23 23 23 23 23 23 23 23 23 23 23 8
15 0 0 0 0 0 0 L L 0 0 0 0 0 0 0 0 0 0 0 0 0 0 0 0 0 0 0 0 0 0 13
15 0 0 0 0 0 0 0 0 0 0 0 0 0 0 0 0 0 0 0 0 0 0 0 0 0 0 0 0 0 0 13
15 L 0 0 0 0 0 0 0 0 0 0 0 0 0 25 25 0 0 25 25 0 0 0 0 0 0 0 0 0 0 13
15 L 25 25 25 0 0 0 0 0 0 b 0 0 0 25 25 0 0 0 0 0 0 0 0 0 0 0 0 c 0 13
15 L 0 0 0 0 0 0 0 0 25 25 25 0 0 25 25 0 0 0 0 0 0 25 25 0 0 0 25 25 25 13
15 L 0 0 0 0 0 0 0 0 0 0 25 0 0 25 25 0 0 0 0 0 0 0 0 0 0 0 0 0 0 13
15 L 0 0 0 0 0 0 0 0 0 0 L 0 0 25 25 0 0 0 0 0 0 0 0 0 0 0 0 0 0 13
16 5 5 5 6 0 0 0 0 0 0 0 L 0 0 0 0 0 0 0 0 0 0 0 0 0 0 0 0 0 0 13
3 3 3 3 15 0 0 0 0 25 25 0 L 0 0 0 0 0 0 0 0 0 0 0 0 0 0 0 0 M 0 13
23 23 23 23 24 0 0 0 0 0 0 0 L 0 0 0 0 C 0 0 0 0 0 D 0 0 0 0 0 0 0 13
0 0 0 0 0 0 0 0 0 0 0 0 L 0 0 0 0 0 0 0 0 0 0 4 5 5 5 5 5 5 5 17
0 0 99 0 0 0 0 0 0 0 0 0 0 0 0 4 5 5 5 6 0 0 0 13 3 3 3 3 3 3 3 3
5 5 5 5 6 0 0 0 4 6 0 0 0 0 0 13 3 3 3 15 0 0 0 13 3 3 3 3 3 3 3 3
3 3 3 3 15 0 0 0 13 15 0 0 0 0 0 13 3 3 3 15 0 0 0 13 3 3 3 3 3 3 3 3
3 3 3 3 15 9 9 9 13 15 9 9 9 9 9 13 3 3 3 15 9 9 9 13 3 3 3 3 3 3 3 3