7 23 23 23 23 23 23 23 23 23 23 23 8 3 7 23 23 23 23 23 23 23 23 23 23 23 23 23 23 23 23 8
15 0 0 0 0 0 0 0 0 0 0 0 13 3 15 0 0 0 0 0 0 0 0 0 0 L 0 0 0 0 0 13
15 0 0 0 0 0 0 0 0 0 M 0 13 3 15 L 0 0 0 0 0 0 c 0 0 0 0 0 0 b 0 13
15 W 0 0 0 0 0 0 0 0 0 0 13 3 15 L 25 25 25 25 25 4 5 6 0 0 0 4 5 5 5 17
15 0 0 0 0 0 0 0 4 5 5 5 17 3 15 L 0 0 0 0 0 13 3 15 0 0 0 13 3 3 3 3
16 5 5 5 6 L 0 0 22 23 23 23 8 3 15 L 0 0 0 0 0 13 3 15 0 0 0 13 3 3 3 3
7 23 23 23 24 L 0 0 0 0 0 0 13 3 15 L 0 0 0 0 0 13 3 15 0 0 0 22 23 23 23 23
15 0 0 0 0 L 0 0 0 0 0 0 13 3 15 0 0 0 0 0 0 13 3 15 0 0 0 0 0 0 0 0
15 0 0 0 0 0 0 0 0 0 0 0 22 23 24 0 0 L 0 0 L 13 3 15 0 0 0 0 99 0 0 0
15 0 b 0 0 0 0 0 0 0 0 0 0 0 0 0 0 L 4 6 L 13 3 15 0 0 0 4 5 5 5 5
25 25 25 L 0 0 0 0 0 0 0 0 0 0 0 0 0 L 13 15 L 13 3 15 0 0 0 13 3 3 3 3
15 0 d L 0 0 0 0 0 0 0 0 0 0 0 0 0 L 13 15 L 22 23 24 0 0 0 13 3 3 3 3
15 0 0 0 0 0 0 0 0 0 0 0 0 0 0 0 0 L 13 15 L 0 C 0 0 0 0 13 3 3 3 3
16 5 5 5 5 5 5 5 5 5 5 6 0 0 0 4 5 5 17 15 0 0 0 0 0 0 0 13 3 3 3 3
3 3 3 3 3 3 3 3 3 3 3 15 0 0 0 13 3 3 3 15 0 4 5 6 0 0 0 13 3 3 3 3
3 3 3 3 3 3 3 3 3 3 3 15 9 9 9 13 3 3 3 15 9 13 3 15 9 9 9 13 3 3 3 3