7 23 23 23 23 23 23 23 23 23 23 23 23 23 23 23 23 23 23 23 23 23 23 23 23 23 23 23 23 23 23 8
15 0 0 0 0 0 0 0 0 0 L L L L L L L L L L L L 0 0 0 0 0 0 0 0 0 13
15 0 0 D 0 0 0 0 R 0 0 0 0 0 0 0 0 0 0 0 0 0 0 0 c 0 L d 0 0 0 13
15 0 0 25 25 25 25 25 25 25 0 0 0 0 0 0 0 0 0 0 0 0 0 25 25 25 L 0 0 0 R 13
15 0 0 0 0 0 0 0 0 0 0 0 0 0 0 0 0 0 0 0 0 0 0 0 0 0 L 25 25 25 25 13
15 0 0 0 0 0 0 0 0 0 0 0 0 0 0 0 0 0 0 0 0 0 0 0 0 0 L 0 0 0 0 13
15 0 0 0 0 W 0 0 0 0 0 0 0 0 R 0 0 0 0 0 0 0 0 0 0 0 L 0 0 M 0 13
15 0 0 0 0 0 0 0 0 0 0 25 25 25 25 25 25 0 0 0 0 25 25 0 0 0 0 0 0 0 0 13
15 0 0 L 25 25 25 25 0 0 0 0 0 0 0 0 0 0 0 0 0 0 0 0 0 0 0 0 25 25 25 22
15 0 0 L 0 0 0 0 0 0 0 0 0 0 0 0 0 0 0 0 0 0 0 0 0 0 0 0 0 0 0 0
15 0 0 L 0 0 0 0 0 0 0 0 0 0 0 0 0 0 0 0 D 0 0 0 R 0 0 0 0 0 0 0
15 0 0 L D 0 0 0 0 0 0 0 0 C 0 0 0 0 0 0 25 25 25 25 25 0 0 0 0 0 99 0
15 0 0 25 25 25 25 25 25 0 0 0 0 0 0 0 0 0 0 0 0 0 0 0 0 0 0 0 4 5 5 5
15 0 0 0 0 0 0 0 0 0 0 0 25 25 25 0 0 0 0 b 0 0 0 0 0 0 0 0 13 3 3 3
15 0 0 0 0 0 0 0 0 0 0 0 0 0 0 0 0 0 4 5 6 0 0 0 0 0 0 0 13 3 3 3
15 9 9 9 9 9 9 9 9 9 9 9 9 9 9 9 9 9 13 3 15 9 9 9 9 9 9 9 13 3 3 3