3 3 3 7 23 23 23 23 23 23 23 23 23 23 23 23 23 23 23 23 23 23 23 23 23 23 23 23 23 23 23 8
3 3 3 15 0 0 M 0 0 0 0 L L L L 0 100 25 0 0 0 0 0 0 0 0 0 0 0 0 0 13
3 3 3 15 0 0 0 0 c 0 0 0 0 0 0 0 100 25 0 0 0 0 0 0 0 0 0 0 0 0 0 13
3 3 3 15 L 25 25 25 25 25 0 0 0 0 0 25 25 25 0 0 0 0 0 0 0 0 0 0 0 0 0 13
3 3 3 15 L 0 0 0 0 0 0 0 0 0 0 0 0 0 0 0 0 0 0 C 0 0 0 0 0 R 0 13
3 3 3 15 L 0 0 0 b 0 0 0 0 0 0 0 0 0 0 0 0 0 0 0 0 0 0 0 4 25 25 17
3 3 3 15 L 0 0 25 25 25 0 0 0 D 0 0 0 0 0 0 0 0 25 25 25 0 0 0 5 3 3 3
3 3 3 15 L 0 0 0 0 0 0 0 0 25 25 25 25 25 25 L 0 0 0 0 0 0 0 0 22 23 23 8
3 3 3 15 0 0 0 0 0 0 0 0 0 0 0 0 0 0 0 L 0 0 0 0 0 0 0 0 0 0 0 13
3 3 3 15 0 0 0 0 0 0 0 0 0 0 0 0 0 0 0 L 0 0 0 d 0 0 0 0 0 0 0 13
3 3 3 15 0 0 0 0 0 0 0 0 0 0 0 0 0 0 0 L 0 0 0 0 0 0 0 0 0 0 R 13
23 23 23 24 0 0 0 0 0 0 0 0 0 0 0 0 0 0 0 L 0 0 4 5 5 5 5 5 5 5 5 5
0 0 0 0 0 0 0 0 0 0 0 0 0 4 6 0 0 0 0 0 0 0 13 3 3 3 3 3 3 3 3 3
0 0 99 0 0 0 0 0 0 25 0 0 0 13 15 0 0 0 0 0 0 0 13 3 3 3 3 3 3 3 3 3
5 5 5 5 5 6 0 0 0 25 0 0 0 13 15 0 0 0 0 0 0 0 13 3 3 3 3 3 3 3 3 3
3 3 3 3 3 15 9 9 9 25 9 9 9 13 15 9 9 9 9 9 9 9 13 3 3 3 3 3 3 3 3 3