7 23 23 23 23 23 23 23 23 23 23 23 23 23 23 23 23 23 23 23 23 23 23 23 23 23 23 23 23 23 23 8
15 0 0 0 0 0 0 0 0 0 0 0 0 0 0 0 0 0 0 0 0 0 0 0 0 0 0 0 0 0 0 13
0 0 0 0 0 0 0 0 0 0 0 0 0 0 0 0 0 0 0 0 0 0 0 0 0 0 0 0 0 M 0 13
0 0 0 0 0 0 0 C 0 0 0 0 0 d 0 0 0 0 0 0 0 0 0 0 0 0 0 0 0 0 0 13
0 0 0 0 0 0 0 0 0 0 0 0 0 0 0 0 0 R 0 0 0 0 0 0 0 0 25 25 25 25 25 13
0 0 99 0 0 0 4 5 5 6 0 0 0 4 5 5 5 6 0 0 0 25 25 0 0 0 0 0 0 0 0 13
16 25 25 L 0 0 22 23 23 24 0 0 0 22 23 23 23 24 0 0 0 0 0 0 0 0 d 0 0 0 0 13
15 0 0 L 0 0 0 3 3 0 0 0 0 0 3 3 3 0 0 0 0 0 0 0 0 0 0 0 0 0 R 13
15 0 0 L 0 0 0 3 3 0 0 0 0 0 3 3 3 0 0 0 0 0 0 0 0 0 25 25 25 25 25 13
15 0 0 0 0 0 0 3 3 0 0 0 0 D 3 3 3 0 0 0 0 25 25 0 0 0 0 0 0 0 0 13
15 0 0 0 0 0 25 25 25 25 0 0 0 25 25 25 25 25 L 0 0 0 0 0 0 0 0 0 0 W 0 13
15 0 R 0 0 0 0 3 3 0 0 0 0 0 3 3 3 0 L 0 0 0 0 0 0 0 0 c 0 0 0 13
15 25 25 25 0 0 0 3 3 0 0 0 0 0 3 3 3 0 0 0 0 b 0 0 0 0 4 5 5 5 5 17
15 0 0 0 0 0 0 3 3 0 0 0 0 0 3 3 3 0 0 0 4 5 6 0 0 0 13 3 3 3 3 3
15 0 0 0 0 0 0 3 3 0 0 0 0 0 3 3 3 0 0 0 13 3 15 0 0 0 13 3 3 3 3 3
15 9 9 9 9 9 9 9 9 9 9 9 9 9 9 9 9 9 9 9 13 3 15 9 9 9 13 3 3 3 3 3